0 707700
1000 669956
2000 404400
3000 435404
4000 1062224
5000 1490888
6000 1517848
7000 2045616
8000 2613772
9000 2646124
10000 2814624
11000 3225764
12000 2885472
13000 3021464
14000 3127360
15000 3161060
16000 3146232
17000 2869892
18000 2898200
19000 3229808
20000 3031652
21000 3041088
22000 2986520
23000 3178196
24000 1194784
25000 2948656
26000 4231372
27000 2694652
28000 2599256
29000 2461136
30000 2431792
31000 1469320
32000 1461232
33000 1955948
34000 1237464
35000 1241508
36000 2397444
37000 1065568
38000 919576
39000 2270440
40000 1306708
41000 1040160
42000 0
43000 0
44000 1455764
45000 2144744
46000 1866908
47000 2588232
48000 3322820
49000 2578724
50000 2217460
51000 2312008
52000 2662112
53000 2092956
54000 2736644
55000 3165804
56000 1794236
57000 3751936
58000 5160732
59000 4761676
60000 5545884
61000 3223552
62000 7333888
63000 5655540
64000 5113916
65000 6038700
66000 4099736
67000 5369856
68000 4783456
69000 4313548
70000 4521296
71000 3150856
72000 4714620
73000 3766312
74000 4178800
75000 4195236
76000 4157724
77000 5003672
78000 4070864
79000 4173504
80000 3159012
81000 3070504
82000 5359940
83000 4432872
84000 3539904
85000 4296824
86000 2552956
87000 3874152
88000 3382132
89000 4133720
90000 2831396
91000 2525768
92000 2945764
93000 2860016
94000 2462564
95000 3276312
96000 2780924
97000 2344172
98000 1515152
99000 4243504
100000 5188452
101000 3954836
102000 5386676
103000 4898296
104000 4888440
105000 4397412
106000 4363384
107000 3426304
108000 6840320
109000 7688192
110000 7770112
111000 6729728
112000 3330048
113000 5341184
114000 6438912
115000 7495680
116000 6211584
117000 5232640
118000 4818944
119000 4783460
120000 2989164
121000 4045348
122000 3149296
123000 2678784
124000 6414336
125000 5793824
126000 4879144
127000 4170828
128000 5099520
129000 7368704
130000 6488800
131000 7248616
132000 3788800
133000 4020224
134000 7385088
135000 7933952
136000 7380992
137000 5079040
138000 3567616
139000 6918144
140000 7876608
141000 7962624
142000 4816896
143000 4911104
144000 6664192
145000 7725056
146000 7821312
147000 5099520
148000 4149248
149000 6578176
150000 7821312
151000 7446528
152000 5566464
153000 4675584
154000 7036928
155000 7397376
156000 7585792
157000 5718528
158000 3567616
159000 5693440
160000 6923260
161000 5575192
162000 4656916
163000 4501504
164000 6590464
165000 6135452
166000 5996720
167000 4824596
