0       9961472
1000    10067968
2000    9175040
3000    11665408
4000    12792627
5000    12415139
6000    13631488
7000    13526630
8000    13002342
9000    11744051
10000   11744051
11000   10276044
12000   12163481
13000   13762560
14000   13212057
15000   12163481
16000   14155776
17000   13107200
18000   14155776
19000   14876672
20000   16252928
21000   14745600
22000   13893632
23000   13421772
24000   17301504
25000   16646144
26000   16777216
27000   14548992
28000   15859712
29000   17432576
30000   15859712
31000   13893632
32000   16121856
33000   19503513
34000   17104896
35000   18874368
36000   17301504
37000   17956864
38000   15728640
39000   19293798
40000   9961472
41000   10067968
42000   9175040
43000   11665408
44000   12792627
45000   12415139
46000   13631488
47000   13526630
48000   13002342
49000   11744051
50000   9961472
51000   10067968
52000   9175040
53000   11665408
54000   12792627
55000   12415139
56000   13631488
57000   13526630
58000   13002342
59000   11744051