0.13414266836609023 0.03173133662055405 135.0 2.3899999999999997
0.14773987406990763 0.052800136863645264 112.5 6
0.07307704486408073 0.7193792809338693 112.5 0.5
0.11693348195865316 0.7597399326197751 90.0 4.210000000000001
0.277602826031337 0.3098094394418758 112.5 3.130000000000001
0.2557677426162597 0.0029660707084806504 135.0 1.9199999999999993
0.2438311467917127 0.001450775851899344 112.5 6
0.026582602600812244 0.0015021321651391695 112.5 0.5
0.004777020704247903 0.0028792114893732013 135.0 4.53
0.002395726197749859 0.0037836992853985674 112.5 3.17
0.014476638934820762 0.01533350287693347 135.0 1.7099999999999993
0.010947026863589393 0.008524609854643206 112.5 6
0.8729197604088821 0.2864552468985815 112.5 0.5
0.735517853289311 0.2884179569089116 135.0 4.680000000000001
0.3282198232542788 0.3036008378713979 112.5 3.21
0.18620959241097257 0.524861404956833 135.0 1.7399999999999998
0.45920021681514234 0.022213736232399528 22.5 6
0.1171408925236368 0.07431483964180097 45.0 4.6000000000000005
0.6532484101460558 0.04630922828665773 67.5 3.2299999999999978
0.6461344372066193 0.43791125419521926 90.0 2.96
0.01833232214355629 0.00889006725559982 45.0 0.5
0.018434162105410046 0.013110171576049323 67.5 6
0.002942248782243251 0.013408201090237881 90.0 5.04
0.06329932860363474 0.028110156577337175 67.5 1.9299999999999995
0.0519255196505477 0.005563178813089875 112.5 3.61
0.00016157930965698952 0.010591894175988603 90.0 0.5
0.542536263389215 0.004044262398310572 112.5 6
0.03007279750171854 0.03299987100972457 135.0 4.779999999999999
0.0014230432973052487 0.02781368331506484 135.0 2.249999999999998
0.015755938005763248 0.012593714105974207 112.5 3.38
0.3165530444237823 0.2505787823933614 45.0 4.100000000000002
0.15188029683779813 0.055291128949733315 90.0 0.5
0.06377819240884364 0.04330301500538103 67.5 2.4099999999999997
0.008884129500041027 0.005697336454926427 112.5 0.5
0.007436493422743773 0.004271766066308302 67.5 6
0.008972388618651905 0.005890951646614351 90.0 3.62
0.008853662596285172 0.014837974813471266 135.0 0.5
0.010919816089720591 0.016609643992760548 67.5 2.39
0.07250556952543885 0.008046549628111466 112.5 0.5
0.06953185572927545 0.0004376413099373977 112.5 6
0.06127755010643243 0.004825369960630432 90.0 4.160000000000001
0.0005406320982674906 0.008051218383860581 135.0 0.5
0.013501223503266324 0.0011913762918216442 67.5 2.3399999999999976
0.5442399556302409 0.0062577616777421685 112.5 0.5
0.3677879372893158 0.0033928182550038155 112.5 6
0.032655383012509365 0.007470329175564894 90.0 4.369999999999999
0.04656786062908491 0.03493157233701116 135.0 6
0.34045136881410465 0.7965227466055553 45.0 1.8000000000000012
0.3589642998103182 0.3387281488840199 67.5 2.15
0.12303717106057332 0.039388503292545174 45.0 6
0.4401409595839767 0.15625415012093802 90.0 1.4300000000000004
0.9521283432847598 0.6322784500801673 112.5 3.6600000000000015
0.02898286120046345 0.03829517087145429 112.5 0.5
0.000860583675081017 0.026435556793279913 135.0 3.0500000000000003
0.019902153085108232 0.008629547775919288 90.0 6
0.0035562501589399 0.011281531941092826 135.0 0.5
0.0017765051957581157 0.012863542008332285 112.5 4.42
0.015737284799381968 0.005303444731572515 112.5 1.5
0.005201233887253132 0.016519628636588957 135.0 3.1800000000000006
0.07227966937869112 0.00010041460963150506 135.0 6
0.0693891750629243 0.025249416489214305 135.0 0.5
0.06912812834836535 0.007727910684338646 112.5 4.93
0.0014697090381807776 0.004122322249106469 112.5 1.53
0.34045136881410465 0.7965227466055553 112.5 1.4899999999999998
0.6733995998988087 0.011904716294928175 135.0 1.5199999999999998
0.6029397635145564 0.0792618299624741 112.5 7.16
0.16347964596347486 0.052179643225740424 112.5 3.8299999999999983
0.0011256719176890861 0.00011094476278517007 135.0 5.620000000000001
0.02410262608757563 0.02795537496150624 90.0 8
0.0012320279189825811 0.01591184681340252 90.0 0.5
0.009611604548887431 0.00953799165158209 112.5 0.5
0.01185983951653613 0.018117884810282092 135.0 2.3999999999999995
0.016221973640968557 0.018554566189130428 112.5 6.93
0.0006341762920203386 0.001564745852054683 112.5 3.85
0.004735230976971039 0.005820047645752835 135.0 5.24
0.009268451001330114 0.0010290461269761852 135.0 8
0.34045136881410465 0.7965227466055553 67.5 6
0.11491854297045734 0.33654608007553466 45.0 0.5
0.19363509025942882 0.5178499664748493 45.0 2.58
0.14396043993286955 0.1407849769834828 67.5 1.58
0.002945243112740581 0.011095581653703723 90.0 4.030000000000008
0.024592387292301066 0.010365655871698465 112.5 6
0.017228068688281528 0.005573650788602169 90.0 0.5
0.005332280843307835 0.004962901905687378 135.0 6
0.00810913786230838 0.0026919667494553767 112.5 2.1000000000000014
0.004915316230853062 0.016116341224094555 90.0 3.85
0.7562037028417965 0.01431679041000522 112.5 5.1000000000000005
0.024046159232119724 0.008117773606002965 135.0 0.5
0.027884907292957006 0.009273748802830273 135.0 6
0.022787673212507187 0.008892801604761358 112.5 2.090000000000001
0.34045136881410465 0.7965227466055553 112.5 0.5
0.43613189465891433 0.733152401281878 112.5 3.340000000000003
0.3619448531154883 0.40847854528836347 112.5 6
0.2076513222458809 0.05075879977051301 135.0 0.5
0.19804390648719883 0.04658519393021909 135.0 4.669999999999999
0.02303317558841611 0.0011469431179480516 90.0 2.16
0.0015813992020010659 0.009042318144015571 112.5 3.2999999999999994
1.1197113346778278 0.2369296676887065 112.5 6
0.20315174344285314 0.5118886344261477 112.5 0.5
0.24210181457314395 0.5358974272498125 135.0 4.6400000000000015
0.68871591128261 0.5944833160394087 135.0 1.8300000000000005
0.7528121899476292 0.7483432089480504 112.5 3.24
0.9168510394034426 0.5761940689854019 112.5 6
0.0513875546335445 0.04413571159150753 112.5 0.5
0.026790291327644766 0.03761996116149957 135.0 4.720000000000001
0.023821224470614855 0.03666197902390089 135.0 1.7100000000000013
0.34045136881410465 0.7965227466055553 112.5 0.5
0.43613189465891433 0.733152401281878 90.0 2.92
0.3432065946586884 0.004357621721095883 112.5 4.909999999999999
0.038414740469626896 0.02905731767357378 135.0 0.5
0.034016118055519406 0.028481969885653546 135.0 6
0.016940547510630566 0.01726127721340287 112.5 1.2500000000000013
0.007066734512400252 0.005505699303057998 90.0 2.9600000000000026
0.1278830450038111 0.5370071803102827 112.5 4.640000000000001
0.8406864634593529 0.5142727687287818 135.0 0.5
0.8101480884713572 0.4969727306615741 135.0 6
0.06613098350699387 0.11152153592524816 112.5 1.4599999999999997
0.030675263342890613 0.039150120405544 90.0 3.04
0.020047713544725454 0.003618707493443729 112.5 4.4799999999999995
0.016599259283710754 0.0014262539759086756 135.0 0.5
0.009217825544713953 6.422811647333049e-05 135.0 6
0.013982574402658265 0.01890709360921261 112.5 1.5100000000000007
0.01769590419427791 0.005829341524019371 135.0 3.0900000000000003
0.34045136881410465 0.7965227466055553 45.0 6
0.4814504813343454 0.02894471484799932 45.0 0.5
0.7879620302520123 0.08207326449922814 22.5 2.84
0.8100255990827905 0.7844270040239967 67.5 0.5
0.946164749580237 0.6192839792891145 67.5 4.570000000000001
0.019985487102737842 0.0005158902380688613 90.0 6
0.09723569602064597 0.07164559126144177 90.0 0.5
0.062075547365368244 0.03113092881345758 90.0 2.7300000000000004
7.245298057334537e-05 0.012607007697109651 112.5 1.59
1.0986810553057698 0.034261918591841356 112.5 3.83
0.02758593239209084 0.031074438323334785 135.0 6
0.025999804438647356 0.008820021374953857 135.0 0.5
0.018921059879331903 0.01010813254056675 90.0 2.77
0.578473988951179 0.015076357700473109 112.5 6
0.031273605843705976 0.008796052186559544 67.5 4.119999999999997
0.34045136881410465 0.7965227466055553 90.0 6
0.5421568833513701 0.029815721411206697 67.5 3.9199999999999986
0.04256237908314331 0.06654219035096909 112.5 0.5
0.05551685092745329 0.05068540867546689 135.0 1.5799999999999992
0.04826831310268709 0.04204288728544103 90.0 0.5
0.000760003622780836 0.027509181538234007 90.0 6
0.017249438063310585 0.007794727705868976 112.5 3.41
0.015737284799381968 0.005303444731572515 135.0 4.03
0.008059985027248917 0.01798681058345708 67.5 1.7099999999999995
0.08978370734663654 0.04540922016904614 90.0 0.5
0.007307049987938186 0.0008984664101057138 112.5 6
0.9940613402771727 0.10927270827287461 112.5 3.3400000000000007
0.018921059879331903 0.01010813254056675 135.0 4.500000000000001
0.0013318716605046355 0.014499584560330847 67.5 1.7099999999999986
0.590712226757856 0.006458707252288809 90.0 0.5
0.34045136881410465 0.7965227466055553 67.5 0.5
0.6025112960914998 0.31691185321112036 90.0 6
0.018845792555339358 0.02371082148711845 67.5 3.3600000000000003
0.3842002390852146 0.26421381810871614 90.0 1.5500000000000003
0.820309569909393 0.5030045594676456 112.5 1.81
0.09171500143043065 0.11903578922032221 135.0 0.5
0.06613098350699387 0.11152153592524816 90.0 6
0.006171135169201758 0.009720233114311139 135.0 3.55
0.016048302472087883 0.011223776087262438 112.5 4.66
0.008576646119070386 0.013637217376920363 112.5 1.6599999999999997
0.07035799642239926 0.004505785630180004 135.0 0.5
0.06444538814864886 0.0002085377567926372 90.0 6
0.1486623733002035 0.021659201495809688 135.0 3.1200000000000006
0.6333303527481382 0.00098712913610699 112.5 3.970000000000001
0.005576916008744437 7.807439520601811e-05 112.5 1.44
0.34045136881410465 0.7965227466055553 67.5 0.5
0.6025112960914998 0.31691185321112036 90.0 2.9299999999999997
0.3237612487803654 0.06687927160717066 90.0 6
0.7879620302520123 0.08207326449922814 67.5 4.35
0.020554949858585747 0.014545108564986808 112.5 1.93
0.013987614040873897 0.01925031260661747 135.0 0.5
0.014217833877519848 0.018102031402909224 90.0 2.759999999999999
0.027331839723768958 0.0020373664690842563 90.0 6
0.0799260768230643 0.043516701483466536 112.5 4.409999999999999
0.04026585849090658 0.03105667959819547 112.5 1.5
0.03870957566767386 0.003180629851192718 135.0 0.5
0.031217138988250515 0.0016809411470060098 135.0 3.1
0.013083097156027623 0.007135924090883039 135.0 6
1.2451380796505387 0.047759393273318684 112.5 4.56
0.004270046189774668 0.017399114591079456 112.5 1.6900000000000008
0.1463008937348702 0.049066266728390984 135.0 0.5
0.34045136881410465 0.7965227466055553 67.5 0.5
0.6025112960914998 0.31691185321112036 22.5 6
1.2354298711275535 0.21250640280092425 67.5 2.57
0.8834141852183524 0.7989217889288849 90.0 1.21
0.33588180776222654 0.25287892272574375 90.0 3.489999999999999
0.015555661474096372 0.01977367867164892 112.5 0.5
0.016563867278973188 0.01683727856045203 45.0 6
0.09707282407651086 0.04294882952250978 67.5 2.5
0.002615277709342667 0.014948308711018488 135.0 0.5
0.008647315591314708 0.016339656101887368 90.0 3.6799999999999944
0.003239669249243793 0.005065556354525658 112.5 0.5
0.014009310665137331 0.011084411546490758 112.5 6
0.011425088908172398 0.009720145847848638 135.0 6
0.05448735755985634 0.018986767889566325 135.0 0.5
0.34045136881410465 0.7965227466055553 45.0 2.5199999999999996
0.23817495465585026 0.24688685833779678 112.5 2.2900000000000005
0.2557677426162597 0.0029660707084806504 90.0 2.339999999999999
0.01780307831865846 0.02341461002423406 45.0 5.79
0.8655101668732357 0.8050456402197679 135.0 0.5
0.8834141852183524 0.7989217889288849 67.5 4.170000000000001
0.007436509785205381 0.0013315407751675057 112.5 0.5
0.0072139475806527464 0.004872464761613182 90.0 2.379999999999998
0.004671482826040574 0.005838475413771249 90.0 6
0.010847494008840552 0.007257689895030728 135.0 0.5
0.005886722859281157 0.009436384400295372 112.5 3.5700000000000003
0.1223208879355544 0.035850604543469666 112.5 0.5
0.259501967271518 0.07246624507572963 90.0 2.200000000000001
0.37347263283352516 0.045270175605303775 135.0 6
0.5493819574060037 0.009683523022377516 112.5 6
0.034780555905431054 0.008894968721915975 67.5 3.79
0.34045136881410465 0.7965227466055553 135.0 6
0.670654044269112 0.01851555808034888 112.5 3.6499999999999995
0.3978545334180352 0.42822105528845356 90.0 1.6
0.2271598599514335 0.013366574987577762 112.5 6
0.1136121313004157 0.03485643591271237 112.5 0.5
0.043826657414210324 0.0007799876427163621 135.0 5.04
0.00696113118434738 0.006166117347601974 112.5 3.409999999999999
0.020829495604078208 0.017369211283228436 135.0 1.96
0.257587362898696 0.03556934473451068 112.5 6
0.41374235286540273 0.0434371726472178 112.5 0.5
0.49599414091244265 0.2979352373200368 135.0 4.64
0.7033166267647868 0.6976289587066946 112.5 3.17
0.14396043993286955 0.1407849769834828 135.0 1.6300000000000001
0.05641884799319197 0.10844228061477601 112.5 6
0.05024656745166789 0.010032734316880898 112.5 0.5
0.34045136881410465 0.7965227466055553 45.0 6
0.4814504813343454 0.02894471484799932 90.0 0.5
0.9780703064211664 0.12791712982966263 45.0 2.8199999999999994
0.618100500612158 0.39639673625199956 112.5 0.94
0.7157376987189177 0.724338314026381 67.5 3.9099999999999997
0.013165220351487594 0.011941266398346695 90.0 6
0.004215101043260283 0.0030469085416691133 135.0 0.5
0.01784061380588442 0.009460237233405833 90.0 2.34
0.0010775662801809638 0.010548362755561369 112.5 0.5
0.016289027009168677 0.016527046285909952 112.5 3.71
0.09028934013924728 0.1271691398898993 135.0 6
0.02150904500249684 0.019429674276080888 112.5 6
0.40489029379036756 0.031429278304675234 135.0 2.089999999999999
0.6355955719510713 0.0003202097400993864 112.5 0.5
0.34045136881410465 0.7965227466055553 67.5 0.5
0.6025112960914998 0.31691185321112036 45.0 6
0.07557614909508859 0.005803801539298492 45.0 2.3000000000000016
0.2025214777791886 0.031465915674557365 90.0 0.5
0.49195554174394474 0.02856266227473747 67.5 4.150000000000001
0.02253166613616342 0.016488939930574986 112.5 0.5
0.0210061611034571 0.014443268603133053 90.0 6
0.0021214586141073966 0.01021491760196791 135.0 2.2899999999999987
0.003202231936788813 0.01060921656881475 90.0 0.5
0.009268451001330114 0.0010290461269761852 112.5 3.6100000000000003
0.06953185572927545 0.0004376413099373977 112.5 1.2399999999999993
0.08397699692525151 0.03911832632433665 135.0 6
0.09710441999012609 0.042904439981867215 135.0 2.6000000000000005
0.030714500526137556 0.0032214996445103505 90.0 0.5
0.07203315253015496 0.003119048817418202 112.5 4.360000000000003
1.115764905256298 0.03662803236994949 112.5 1.6900000000000002
0.66373995516226 0.13732942868627984 135.0 6
0.09060765546988736 0.1272080316433979 135.0 3.099999999999999
0.34045136881410465 0.7965227466055553 22.5 6
0.11491854297045734 0.33654608007553466 112.5 0.5
0.025927171470994992 0.38046894876476167 67.5 2.990000000000001
0.09483221401603181 0.12005314164130998 90.0 1.6199999999999999
0.023216484247260638 0.016612218353407426 135.0 0.5
0.023389288205669878 0.015085637034329524 90.0 6
0.014081272771859332 0.013490711530625754 112.5 4.829999999999999
0.009893726114164725 0.01290188107423429 135.0 3.59
0.019070318255300922 0.016248898980783855 112.5 2.1800000000000006
0.06678466385340487 0.040428399549704785 135.0 0.5
0.06795143827497929 0.03096461348015289 135.0 6
0.0840030132394145 0.04049475115010104 112.5 4.89
1.4485950320921808 0.0942136293319964 135.0 3.34
0.5122469577937871 0.12480491688514772 112.5 1.6399999999999992
0.34045136881410465 0.7965227466055553 112.5 6
0.34979721425945254 0.004575366089692556 45.0 0.5
0.20200777829294125 0.03732395332036109 135.0 6
0.03849275668719088 0.046557850438604165 67.5 2.37
0.014273793496661469 0.014436083664379096 90.0 3.9300000000000006
0.37641015286432555 0.47882753144849843 112.5 4.839999999999998
0.05584802715301862 0.04946511809570331 90.0 0.5
0.015789513777248576 0.03361960833828692 135.0 6
0.013028642883365471 0.032561677012190815 112.5 2.0100000000000002
0.00038301250434980005 0.015284575480236207 135.0 3.26
0.009611604548887431 0.00953799165158209 112.5 4.69
0.010763914554285492 0.011970078875415124 135.0 0.5
0.016138819610418853 0.01143545543670843 135.0 6
0.009741522495083199 0.0003163700157451377 112.5 1.8499999999999996
0.34045136881410465 0.7965227466055553 45.0 6
0.4814504813343454 0.02894471484799932 22.5 2.4
0.4193443034406048 0.0026303857156806387 45.0 0.5
0.618100500612158 0.39639673625199956 45.0 6
0.016599259283710754 0.0014262539759086756 67.5 2.799999999999999
0.010178072974238006 0.011995298883106686 90.0 0.5
0.006094526123347155 0.016682758744008597 90.0 6
0.1522275082758675 0.009210626061549876 112.5 2.5399999999999974
0.025588795762264915 0.008651858901523424 135.0 0.5
0.027884907292957006 0.009273748802830273 135.0 6
0.04185373722775587 0.012007370743765788 112.5 3.2
0.5949146632557314 0.013863441136799493 135.0 0.5
0.6254735567707455 0.006601213385713622 135.0 6
0.34045136881410465 0.7965227466055553 90.0 0.5
0.557399269133042 0.6149941345206373 90.0 3.6700000000000017
0.1820939424101522 0.04804132212515766 112.5 1.5800000000000007
0.22727472443283014 0.08264293996707917 67.5 6
0.5957275503548471 0.3824933270753288 135.0 1.6700000000000017
0.41583468629761633 0.2935230449709949 112.5 3.8099999999999996
0.011188618611142509 0.0848047920450623 67.5 0.5
0.03204287061983013 0.03937041004596642 90.0 0.5
0.001714426015926307 0.025263408212051086 90.0 3.1899999999999977
0.01944544405309312 0.0033733142006129313 112.5 1.8199999999999994
0.024702670284411532 0.010846115925952082 135.0 6
0.00406862428578636 0.003836379139988022 112.5 6
0.009812437404252528 0.0006539166930807916 67.5 4.159999999999999
0.12384423312331116 0.1296779634231786 135.0 1.84
0.1274561811020054 0.026479364557504992 90.0 0.5
0.025694497265088323 0.0325249960090781 90.0 3.3
0.6170295774914414 0.0021727894746286225 112.5 1.9100000000000001
0.34045136881410465 0.7965227466055553 22.5 2.68
0.09900547624462952 0.04202139064682098 112.5 2.9000000000000004
0.003519205545566173 0.002236755791714451 67.5 0.5
0.04199340720114719 0.023906094741595663 90.0 2.9
0.8231138667767275 0.2885906572383963 135.0 6
0.3179642903861746 0.30771894224147855 135.0 3.059999999999999
0.03522602392623142 0.36905042302179725 0.0 3.8600000000000025
0.048430383286195866 0.1055733374791683 112.5 6
0.015875285801675965 0.0147011700889359 90.0 0.5
0.012879220882779041 0.003981212379082777 112.5 0.5
0.018515794427018673 0.002032494091589454 67.5 2.15
0.0040959168719649774 0.004044727819444649 90.0 6
0.04083026524607858 0.0051014519594749785 135.0 0.5
0.045381680327890805 0.004718294011020641 135.0 6
0.0007030295310110901 0.014011823212040087 90.0 2.250000000000001
0.023241535176180772 0.019526423694283146 135.0 3.990000000000001
0.012770606861765899 0.006563892428541829 112.5 4.820000000000002
0.597802605027467 0.08074265456632856 112.5 0.5
0.5472174982424516 0.0588949720557137 90.0 2.64
0.23817495465585026 0.24688685833779678 135.0 0.5
0.24404978200544925 0.2277449452221385 67.5 6
0.518103868247783 0.32325827761486403 112.5 2.8300000000000014
0.1541734631253786 0.14583737064656632 45.0 4.400000000000001
0.019182891992054696 0.008851713645287251 90.0 0.5
0.02058171884598803 0.010052921958561889 135.0 2.5900000000000007
0.026854726701967646 0.003851592593300923 90.0 6
0.08123936072703586 0.07801941733444195 112.5 0.5
0.09809321991538145 0.07253355660721472 90.0 3.1599999999999997
0.2630739908435731 0.07941684428887208 135.0 0.5
0.04165607868996757 0.041112801327053417 67.5 6
0.055747168938868885 0.035998055776442106 112.5 2.71
0.597802605027467 0.08074265456632856 90.0 4.45
0.1820939424101522 0.04804132212515766 112.5 5.359999999999999
0.020034525400565162 0.02022563168145286 112.5 0.5
0.016538947249746805 0.016748674012091902 135.0 2.3899999999999997
0.011714311781843456 0.010107579852970394 135.0 5.54
0.06974172066351958 0.023454112642971037 112.5 2.8200000000000003
1.005411718185052 0.2570234397451714 90.0 0.5
0.6137028599457546 0.26643274245323956 67.5 3.9700000000000015
0.010120542558769152 0.01434468658921606 90.0 6
0.009862604711940115 0.013122112537014674 90.0 3.7400000000000007
1.115764905256298 0.03662803236994949 112.5 6
0.06399136256035787 0.022638142128842853 112.5 0.5
0.07120337937052579 0.02318780448793767 135.0 1.97
0.35331214920250575 0.04483384329230522 135.0 5.420000000000001
0.5906738404226197 0.009288060502696371 112.5 2.48
0.048303852369581346 0.042224605149394856 0.0 0.5
0.010619581279299517 0.04933799994851684 45.0 4.02
0.030402501105727175 0.009911201223300026 45.0 2.63
0.18289956457625767 0.01563131422496533 0.0 3.2399999999999998
0.9541010016718274 0.18220495625888722 45.0 2.83
0.3909275343288725 0.7805381050179343 0.0 1.5299999999999996
0.670969708880951 0.017751918354959262 0.0 4.0600000000000005
0.371347836277224 0.37973972111445753 45.0 4.03
1.0219476874667621 0.13714100584911648 45.0 2.32
0.3571375454945658 0.5552807921230736 0.0 3.0599999999999996
0.7606817159202532 0.7533798946478665 22.5 3.25
0.00858764169335835 0.007000951962062185 22.5 3.17
0.045732998743854836 0.019169707483996268 0.0 2.0700000000000003
0.02653919298982199 0.006442330246140271 0.0 1.92
0.007051517422985487 0.00460964726508406 135.0 4.31
0.006185010536754909 0.010477764187318384 45.0 3.18
0.003868675003354749 0.009316771168891957 67.5 3.25
0.09888169422158555 0.08192112996609602 45.0 2.02
0.031683338248073234 0.0069349203386950276 0.0 3.43
0.07041022540026454 0.0010317222984959074 22.5 3.4699999999999998
0.18561867846778624 0.0038049632134518063 67.5 2.6399999999999997
0.38180423472561564 0.00990433626157583 45.0 1.96
0.812982001394436 0.12747826678924845 67.5 6
0.34979721425945254 0.004575366089692556 67.5 0.5
0.19707734314744352 0.04177675366333311 90.0 0.5
0.07938850450514279 0.04342137741748697 90.0 2.9799999999999995
0.01710901541667953 0.000740688645725518 90.0 6
0.9537526939488221 0.27073329190779516 112.5 3.73
0.05248694843768398 0.3502962202550597 135.0 4.3100000000000005
0.1278830450038111 0.5370071803102827 67.5 2.42
0.7333725054810669 0.7354814849910223 112.5 1.3399999999999999
0.8513808702761767 0.8067463035873217 112.5 6
0.1613491879954121 0.1501834877390098 135.0 0.5
0.1471603156751673 0.14217140836362563 90.0 0.5
0.022153791444799342 0.08071362392310366 90.0 2.7300000000000018
0.02357189327865994 0.01592554764803089 90.0 6
0.012879220882779041 0.003981212379082777 112.5 3.9000000000000012
0.025918073942268638 0.010116161055126138 135.0 4.579999999999999
0.007049635739885041 0.005991162634499947 0.0 0.5
0.030805083114315845 0.0178316799017757 0.0 3.19
0.1831836169120189 0.0057857955591820165 0.0 2.37
0.021010808042591034 0.0061987404602041885 112.5 0.5
0.035406878215817006 0.01118328444861616 0.0 2.61
0.14070342647418332 0.028071352090301316 112.5 3.0
0.7192115475205474 0.07401030877614834 0.0 2.9
0.2684595642247596 0.8295741630058555 90.0 0.5599999999999998
0.4874444764927772 0.703908246111878 90.0 3.3399999999999994
0.35201840207784896 0.26600999461958574 0.0 4.39
0.016235914458369916 0.016615883544836674 45.0 2.35
0.19240360230168374 0.35677674412299787 45.0 2.38
0.41374235286540273 0.0434371726472178 22.5 1.69
0.39764280316315315 0.283393968479404 67.5 1.2300000000000002
0.0026659031659592713 0.011410671761330038 67.5 3.5999999999999996
0.040941595435740386 0.004480114745764929 0.0 3.04
0.007454557580501842 0.013971433384266652 45.0 3.57
0.03795629701666714 0.02291047166979565 22.5 5.080000000000001
0.05789807998410357 0.007226128524390196 90.0 2.84
0.002954995139936578 0.010610176499902702 0.0 4.56
1.035631876017177 0.10666032853731044 45.0 2.52
0.023977420530361115 0.039095418877904464 22.5 6
0.8465704374250622 0.11776181522164997 67.5 0.5
0.7790930523915409 0.10959312163472013 45.0 0.5
0.22559681943150212 0.44199611004305006 22.5 3.969999999999998
0.4968067825746325 0.4189982846441922 90.0 2.1
0.29845486910768937 0.0038611919041871 112.5 1.8399999999999999
0.18985917405166353 0.046008449878897295 135.0 1.8899999999999997
0.14277962651912457 0.04626856211508645 67.5 2.799999999999998
0.04009665427408082 0.028168363307891298 45.0 4.94
1.175904037087347 0.1723374900777599 67.5 6
0.03204287061983013 0.03937041004596642 67.5 0.5
0.003251515671542027 0.02427677358589886 90.0 0.5
0.022813591351900087 0.016951452182353277 90.0 3.780000000000002
0.009946511415729997 0.005645471087321718 90.0 6
0.005083816861824797 0.007797112989180066 112.5 1.870000000000001
0.0010866638089077618 0.01288538771280301 135.0 1.8800000000000001
0.010635403779799546 0.01634698648474564 67.5 3.700000000000001
0.011727107226922051 0.0014688690984783204 112.5 4.72
0.018471615780327078 0.01675836058944058 67.5 6
0.8770210114433739 0.8010127806392364 112.5 4.09
0.045732998743854836 0.019169707483996268 22.5 4.61
0.583516736034043 0.048976207738988586 135.0 3.7500000000000013
0.20258972560709587 0.02494575828818779 90.0 3.1999999999999993
0.03681200461751999 0.011147534287771377 90.0 4.6899999999999995
0.8770210114433739 0.8010127806392364 0.0 2.6999999999999984
0.024640198405498026 0.005181300772753472 112.5 2.55
0.0010866638089077618 0.01288538771280301 135.0 2.76
0.006099598486485558 0.014457958457670728 90.0 0.5
0.07725627939121216 0.0471687738544444 22.5 6
1.1337459417088125 0.041094824435757626 90.0 3.2399999999999993
0.8770210114433739 0.8010127806392364 112.5 0.85
0.21437374147594124 0.18484142153812866 90.0 0.8899999999999999
0.002149994747376649 0.024750455944890115 22.5 0.9699999999999984
0.05024656745166789 0.010032734316880898 135.0 0.6399999999999999
0.018371706588959036 0.007835161166874105 90.0 6
0.5217174361101886 0.00975705956152817 67.5 2.8599999999999994
0.03882821987773122 0.024931621121246916 45.0 0.5
0.09182255189143085 0.021961507066665886 112.5 3.9900000000000007
0.8770210114433739 0.8010127806392364 135.0 6
0.04256237908314331 0.06654219035096909 112.5 5.38
0.018876292184017984 0.009069748902092556 90.0 0.5
0.009217825544713953 6.422811647333049e-05 112.5 0.5
0.004536525241630951 0.003780092271611135 135.0 3.7300000000000004
0.01769590419427791 0.005829341524019371 112.5 2.76
0.10469802577047282 0.05957986834301732 135.0 1.72
0.06762108017249968 0.0031641655785823453 90.0 5.01
0.009081019002127544 0.0004825108161237157 90.0 2.45
0.05170269564660712 0.0368157716198223 67.5 6
0.8770210114433739 0.8010127806392364 45.0 4.01
0.0033537974198631915 0.004365577513603114 22.5 0.5
0.040376894156257226 0.0032571916277135404 67.5 6
0.01849799206864855 0.037740854301021365 67.5 1.87
0.8770210114433739 0.8010127806392364 45.0 2.88
0.01747167301862884 0.005974058407830496 67.5 0.5
0.005168705313319144 0.014253114981128023 90.0 0.5
0.08123936072703586 0.07801941733444195 112.5 6
0.6302321533430759 0.03908792850653109 112.5 0.5
0.6301042970670605 0.014589498105629595 135.0 2.910000000000002
0.6170295774914414 0.0021727894746286225 112.5 2.5900000000000003
0.05201816390890546 0.012555709561511419 135.0 0.5
0.04127463698194456 0.02104477287705553 112.5 6
0.02453420237836257 0.010576462556518562 90.0 4.66
0.8770210114433739 0.8010127806392364 22.5 0.5
0.018096653607151847 0.0828458054038026 45.0 6
2.4527330144685777e-05 0.13166804601394455 67.5 0.5
0.008419435586697332 0.008134586944463784 90.0 6
1.1610105153523782 0.049981575565778646 112.5 0.5
0.8770210114433739 0.8010127806392364 112.5 6
0.10022164893818841 0.08199606276864801 90.0 3.1499999999999977
0.008039171975918524 0.00233178896948516 135.0 5.1899999999999995
0.04100416548942487 0.006944897804252337 135.0 0.5
0.8770210114433739 0.8010127806392364 90.0 0.5
0.22232059644273638 0.19061607607891906 67.5 6
0.060413710301465695 0.08143645203281724 112.5 2.0299999999999985
0.026293723338836728 0.018525128302413707 90.0 2.5100000000000007
0.051140088762226865 0.13381645905668682 67.5 0.5
0.038631494000262556 0.03456159162440908 112.5 3.870000000000006
0.6556057827334931 0.024543052652111097 90.0 6
0.01611905375664069 0.00021261019171370243 90.0 0.5
0.007049635739885041 0.005991162634499947 45.0 2.84
0.025742995601678142 0.05841733361708523 45.0 3.73
0.026902406915469967 0.011917864441959747 45.0 2.75
0.38956943364220287 0.052210971885813695 45.0 3.99
0.9541010016718274 0.18220495625888722 45.0 2.44
0.17403359740874524 0.8040601546020394 0.0 4.779999999999999
0.3619998964367728 0.2589654094262235 45.0 2.33
0.06113591663763307 0.006311619629576493 0.0 4.15
0.2752685081524877 0.3189475761618257 0.0 4.26
0.9419330897256981 0.72592836715259 0.0 3.36
0.010120542558769152 0.01434468658921606 0.0 4.02
0.016748910358761915 0.007462998792706843 22.5 2.14
0.0061242730787856026 0.009428675862765745 0.0 4.8500000000000005
0.010378905829603546 0.011550152657385349 0.0 1.7499999999999996
0.0784526044186844 0.04605708638738615 0.0 2.49
0.0840030132394145 0.04049475115010104 0.0 2.23
0.059196375873122875 0.0007699810883379232 45.0 3.74
0.01747180391832215 0.03138883029926065 0.0 3.19
